Var1
1
122
2
124
4
125
7
127
9
128
14
129
15
127
18
131
20
136
23
142
28
147
30
152
35
157
40
162
46
166
49
169
51
171
54
169
53
172
52
167
48
169
55
173
52
165
50
168
56
172
50
162
52
170
48
162
41
164
40
155
46
154
47
158
39
164
42
161
53
174
57
175
58
172
51
166
56
176
57
165
39
156
45
167
55
161
46
152
48
154
41
165
38
160
44
142
43
163
45
159
56
152
17
150
43
139
21
127
4
128
11
150
53
164
42
140
46
156
41
166
38
163
54
160
56
157
28
152
43
144
47
139
24
133
10
148
7
117
226
116
5
126
1
106
3
109
222
102
219
100
240
125
12
129
19
154
42
163
46
149
9
151
49
147
17
153
20
140
45
138
48
160
43
170
53
149
6
126
19
149
44
141
49
149
26
157
44
168
41
161
35
164
37
150
42
143
49
139
8
147
54
168
40
163
44
147
4
107
239
125
13
147
50
138
44
154
16
123
7
149
30
142
52
151
56
147
10
145
24
156
48
153
27
148
8
152
49
148
54
144
41
157
23
127
10
119
230
87
210
78
208
73
202
74
201
71
196
72
203
71
205
77
211
91
232
120
233
122
228
84
229
119
9
146
55
143
44
135
41
152
7
150
5
109
7
140
50
173
58
168
39
163
34
153
45
141
42
148
16
153
55
151
36
165
42
156
36
146
2
102
217
103
237
104
228
85
233
119
16
143
51
138
46
135
12
149
8
137
52
153
47
148
9
103
216
100
1
103
226
118
227
102
6
151
18
146
50
139
54
175
59
178
58
164
33
157
39
149
4
151
50
144
25
150
8
142
55
145
41
167
37
145
46
139
52
145
19
157
25
133
41
142
235
99
217
101
240
98
219
101
4
146
14
114
222
111
4
150
45
156
27
144
48
140
43
161
37
153
6
148
12
102
237
88
235
143
54
138
53
140
17
157
22
127
17
148
2
150
38
144
22
138
49
135
28
143
43
132
232
90
237
143
7
146
45
140
12
153
7
100
223
115
20
148
41
170
44
159
57
153
24
161
51
135
53
144
42
147
51
138
47
155
15
149
5
144
24
126
18
147
23
120
21
158
38
164
31
141
43
138
54
137
48
142
9
99
239
106
16
99
8
145
236
142
29
122
227
82
229
102
215
104
216
102
10
141
52
134
33
161
42
153
5
148
7
91
4
152
2
99
12
137
15
95
238
125
10
151
7
130
41
140
49
136
54
140
44
156
40
149
238
87
236
144
9
91
217
96
8
127
230
101
239
144
26
161
29
140
47
145
235
146
43
130
231
86
229
114
224
102
236
141
11
92
13
101
6
152
3
102
218
99
14
140
51
132
49
153
2
89
6
146
8
138
52
132
45
142
10
111
8
143
27
154
4
151
43
171
47
132
42
142
50
135
54
137
33
146
24
158
17
98
10
149
237
147
21
140
32
138
11
104
215
73
211
71
208
88
230
77
224
116
6
150
237
101
16
98
21
145
7
149
3
153
1
90
13
102
226
74
207
71
197
72
195
52
131
50
148
13
91
11
95
20
160
36
167
44
136
48
143
40
153
6
147
42
139
59
137
53
139
48
149
18
106
5
151
239
153
29
143
10
96
19
125
30
141
46
128
50
139
7
144
234
143
240
149
32
131
53
133
12
94
15
145
25
138
51
134
232
81
234
147
7
101
216
103
214
74
223
72
200
65
160
21
95
3
151
237
105
8
100
11
136
55
134
45
139
10
146
52
130
16
136
34
139
30
123
11
145
239
150
6
155
3
147
5
102
22
97
18
92
14
98
9
136
50
192
49
129
45
145
18
130
55
132
40
141
7
146
234
137
46
126
50
134
58
186
47
150
236
151
42
140
8
144
26
97
15
139
44
129
56
131
9
93
19
116
225
120
46
133
17
100
227
73
221
109
9
154
1
148
4
154
240
105
14
101
222
112
219
68
225
104
35
162
25
97
27
143
236
148
41
155
2
143
13
93
17
142
56
135
42
145
4
103
8
100
22
94
16
159
38
169
39
144
12
98
24
95
12
89
17
152
236
146
238
104
2
153
5
100
10
129
51
133
58
138
55
143
6
131
59
209
71
204
58
135
45
143
50
141
28
96
15
143
9
150
235
149
2
145
36
107
216
59
140
18
91
14
113
7
151
238
153
237
141
41
136
61
138
53
129
56
127
12
141
53
176
88
12
103
36
109
223
117
9
147
234
142
40
167
42
118
44
181
46
139
22
143
4
155
1
150
44
126
56
137
64
139
51
196
59
220
60
215
103
34
100
15
85
10
104
32
101
36
136
8
123
48
131
230
74
199
54
208
52
132
61
134
9
145
6
152
239
148
6
141
43
144
33
140
69
227
72
143
233
144
20
99
23
96
27
99
11
142
51
123
46
134
23
104
6
154
238
150
29
95
25
143
47
120
8
110
12
97
17
87
174
10
144
240
155
5
123
49
190
59
138
7
169
6
149
11
103
17
84
15
136
65
134
48
141
14
82
8
168
82
13
115
11
90
15
98
35
102
38
145
7
147
2
154
237
152
78
12
122
225
73
142
63
132
54
139
70
143
39
101
9
105
31
146
13
136
43
139
56
128
54
206
50
199
59
222
104
214
54
125
8
151
235
152
3
150
240
151
79
11
143
34
105
29
98
11
172
7
142
13
140
63
134
66
139
48
132
30
95
19
139
40
100
36
105
21
135
60
142
5
150
10
75
141
16
88
7
166
5
146
233
147
1
105
230
102
24
93
26
132
64
225
59
128
51
209
57
136
19
105
43
134
62
143
12
171
7
174
8
165
31
142
35
97
24
88
19
161
82
18
141
73
9
178
89
9
172
6
157
13
102
39
142
27
102
7
176
98
33
107
24
154
239
152
235
151
5
105
45
124
55
140
52
133
23
162
81
15
146
11
168
7
111
14
100
40
137
70
138
35
102
37
98
21
143
1
151
24
86
12
183
45
141
32
145
16
80
150
12
176
7
165
9
99
18
79
155
239
146
3
111
11
77
141
80
8
145
75
152
235
146
29
101
42
196
99
32
108
39
101
201
56
218
59
185
14
142
68
138
63
131
55
137
71
8
179
10
171
6
146
25
85
171
8
118
13
77
19
102
44
132
62
141
51
214
56
125
57
223
120
6
174
98
40
141
9
168
88
22
86
145
237
154
7
178
11
106
34
188
36
96
164
80
10
153
89
18
107
47
141
29
107
42
177
97
34
184
93
159
83
143
26
150
237
147
11
170
6
175
52
122
50
210
134
67
145
12
167
6
80
20
145
53
219
113
16
188
15
76
140
78
10
181
91
150
8
173
99
41
197
39
105
47
144
76
12
93
34
103
23
108
17
75
147
88
154
236
151
20
161
96
166
8
180
99
30
88
13
105
48
129
13
170
8
175
99
42
141
36
168
85
23
143
30
106
44
204
54
218
50
110
220
58
191
16
73
137
60
240
145
90
152
93
167
4
156
83
25
121
13
144
8
181
30
94
37
115
14
159
87
20
76
14
139
52
109
38
200
22
158
95
188
59
194
71
142
82
160
92
35
191
15
184
11
165
10
173
6
177
12
79
140
73
18
78
13
186
37
99
24
84
154
236
56
127
49
222
58
200
102
45
148
233
58
124
13
149
92
153
8
83
28
108
21
144
60
213
135
209
134
214
137
47
104
33
94
155
87
142
16
75
21
114
15
193
34
90
167
10
150
39
107
46
221
50
105
24
205
133
66
161
86
31
82
10
177
6
176
19
146
91
161
18
195
44
108
53
126
57
235
153
88
142
77
20
73
203
134
211
48
103
41
97
163
3
64
140
37
151
2
62
135
207
53
136
216
43
176
13
174
49
142
84
171
17
190
12
159
94
25
109
34
87
168
4
84
147
14
73
239
58
122
20
197
17
136
206
24
202
38
92
148
89
143
90
163
81
26
77
14
186
9
180
7
182
20
135
65
131
46
145
85
14
173
7
183
35
146
223
48
106
53
223
144
69
133
207
59
231
52
137
205
102
48
189
13
80
28
162
85
170
9
61
146
89
151
12
164
79
29
90
143
14
70
17
112
55
129
195
15
138
213
57
123
17
73
22
198
71
136
218
112
51
146
221
45
117
28
95
157
82
149
86
143
36
154
5
174
9
179
7
182
15
158
10
169
14
65
11
87
30
83
155
23
203
136
208
139
77
30
104
40
94
153
85
27
74
13
61
15
104
51
220
147
92
10
188
92
20
175
7
184
100
179
31
80
11
177
18
201
132
210
138
23
87
26
108
46
101
20
158
94
166
6
179
10
164
8
187
60
17
79
32
84
149
90
143
76
156
29
133
198
15
64
159
13
192
45
104
26
73
28
84
172
8
182
64
8
108
55
236
155
95
165
97
43
218
146
93
42
109
52
233
56
145
14
118
24
207
140
79
25
91
180
16
137
215
133
67
131
199
23
207
43
92
168
89
142
86
169
18
59
10
191
33
82
25
98
162
22
134
197
59
20
200
137
202
18
61
8
185
15
108
56
111
219
42
178
17
90
5
66
146
85
144
88
10
185
12
146
225
47
111
184
19
58
11
193
129
203
59
122
54
133
212
139
202
131
70
26
75
31
85
24
204
47
180
6
83
16
61
11
173
20
58
170
98
160
93
145
92
190
9
181
13
196
94
186
8
70
28
77
153
95
178
20
86
37
95
10
124
39
90
142
22
61
212
145
222
42
210
25
78
19
70
27
163
83
150
81
9
189
14
179
19
106
54
112
183
29
159
239
86
148
11
164
66
21
58
14
79
152
96
157
88
147
217
51
176
8
188
127
228
49
101
51
110
58
17
203
25
71
193
131
195
124
47
119
41
89
142
206
19
74
31
76
16
187
11
171
21
57
111
187
100
172
28
68
163
80
137
212
142
90
26
208
22
205
128
197
34
81
19
60
9
191
91
15
172
46
96
149
85
159
75
25
201
19
88
144
210
23
57
217
137
198
14
93
144
86
207
141
231
58
12
64
17
55
177
6
181
11
81
151
77
136
201
75
21
56
107
53
118
21
79
165
3
161
92
147
222
44
215
106
8
62
26
66
28
73
32
178
15
189
126
191
132
213
141
87
148
83
38
85
13
52
15
192
10
117
184
16
169
67
14
195
135
37
90
8
189
34
84
25
58
108
38
81
161
100
195
12
54
113
50
9
130
68
20
208
144
93
156
97
45
182
118
187
10
70
30
180
13
199
124
20
61
112
56
22
193
132
199
139
209
21
85
16
90
147
95
48
220
137
69
31
150
84
160
87
42
224
122
186
11
94
7
184
27
78
23
55
22
169
12
184
20
58
167
72
131
203
16
60
217
148
95
151
234
54
104
22
64
28
213
144
92
158
87
140
201
22
73
32
77
11
195
60
26
164
78
156
89
44
183
13
50
17
82
7
186
127
206
18
173
21
121
56
12
61
111
189
10
66
116
43
85
139
214
40
120
179
62
28
196
137
65
24
205
143
91
195
20
52
100
152
80
39
219
148
88
9
192
133
201
17
179
109
45
177
36
201
14
53
22
71
169
20
76
29
71
133
190
94
145
210
20
176
59
27
81
136
220
146
84
162
79
9
182
16
128
227
44
115
67
171
4
64
25
212
71
24
55
18
197
12
75
18
49
104
156
99
159
96
50
15
63
114
194
125
182
120
59
189
8
101
183
8
55
103
218
141
89
40
78
16
204
129
11
86
145
209
26
57
16
176
120
174
9
97
38
74
21
51
94
145
226
41
186
112
164
98
49
18
194
14
60
114
197
138
200
40
84
44
193
130
73
196
11
64
29
61
23
168
114
38
125
186
19
203
26
223
27
118
183
115
49
107
59
184
128
20
211
143
92
194
21
58
28
181
21
66
135
190
8
47
15
188
99
151
82
21
214
147
91
162
109
58
227
28
57
24
163
69
117
42
82
9
171
112
64
14
198
17
59
23
192
119
177
53
25
54
98
43
196
90
19
171
118
37
76
35
168
68
114
192
132
187
7
185
11
68
127
64
22
210
18
47
91
142
203
15
61
1
162
111
44
11
79
136
213
104
155
236
70
32
194
128
60
25
54
27
207
88
140
197
109
173
27
228
40
74
153
101
186
115
167
111
66
12
199
70
118
179
11
49
89
30
232
174
17
211
24
73
128
181
108
159
238
70
35
187
93
46
16
194
10
53
113
195
139
204
103
57
28
170
22
217
68
118
79
43
13
94
193
19
208
23
50
102
155
96
147
215
19
59
172
120
22
57
106
173
4
86
46
115
78
130
181
126
185
116
71
7
58
212
16
52
26
192
137
84
37
166
116
204
25
224
149
85
20
48
108
186
27
71
38
74
137
206
144
87
209
25
111
55
28
205
14
196
123
80
22
213
19
188
134
185
123
200
33
78
116
37
87
16
60
106
157
74
42
9
193
126
17
45
82
221
165
225
172
233
178
230
28
57
98
193
106
167
220
23
118
77
27
63
13
207
27
52
93
143
202
14
48
5
61
119
175
231
180
131
214
17
56
24
67
124
78
115
191
130
184
69
113
162
222
110
4
66
204
11
41
76
131
67
31
62
15
194
124
182
230
176
125
82
47
22
193
33
98
149
100
56
29
234
174
224
24
213
159
216
21
84
5
178
110
195
70
39
82
122
74
126
65
8
45
18
217
111
165
240
38
93
16
59
26
200
10
197
58
208
117
180
132
190
138
86
18
53
28
184
135
192
129
77
120
80
24
49
84
234
186
119
196
19
211
160
112
70
126
55
23
206
13
65
116
189
26
51
95
145
207
156
107
187
232
179
228
183
131
54
9
198
108
62
23
225
110
168
218
158
100
9
70
40
79
117
221
27
197
89
52
28
178
124
77
45
74
35
178
235
30
237
186
135
75
121
170
234
182
116
78
188
230
47
20
58
97
201
16
215
169
217
55
30
231
73
43
15
212
163
112
158
206
161
225
147
219
166
91
39
9
59
121
78
114
50
26
78
44
21
210
13
53
23
82
169
74
125
174
220
21
123
183
108
7
61
34
77
113
159
226
180
133
178
118
166
224
181
230
60
193
72
130
86
42
225
184
233
175
128
63
36
1
168
104
158
214
14
41
69
231
26
49
219
176
122
82
127
177
217
15
204
72
117
203
123
68
12
208
22
57
130
188
27
74
46
23
197
98
147
213
170
211
165
230
189
106
155
208
10
57
94
55
198
19
51
29
237
190
124
83
7
47
77
122
31
57
15
47
24
219
168
99
192
233
171
128
173
222
20
43
223
167
121
178
44
83
220
18
63
117
79
116
74
47
221
175
124
65
6
183
136
61
37
225
21
51
97
150
101
191
235
154
202
159
204
10
44
23
100
61
127
77
113
185
223
38
73
222
182
119
69
224
162
239
30
229
191
139
88
3
198
155
212
173
126
84
52
17
41
67
5
51
30
233
187
112
192
90
208
166
107
154
209
171
129
69
110
165
233
194
230
172
216
13
60
28
68
204
163
115
2
161
201
9
64
40
87
53
31
2
70
117
188
231
171
235
181
124
79
25
55
33
236
27
214
18
41
12
212
176
133
186
221
114
78
45
69
122
39
99
147
100
155
205
167
216
179
134
68
35
58
92
52
219
157
113
206
9
45
24
227
189
239
199
162
213
21
60
120
81
53
217
175
127
73
115
160
238
58
216
12
37
58
30
78
203
157
105
190
25
224
18
226
191
123
75
49
28
220
163
201
160
104
152
234
50
74
238
185
229
151
66
102
60
130
174
208
160
118
77
113
176
215
181
126
85
129
180
109
6
31
64
14
220
156
195
229
22
43
11
51
32
55
83
22
221
188
228
173
206
60
96
202
168
234
198
164
1
198
232
185
120
76
132
174
218
30
1
159
110
37
15
39
59
24
81
134
91
141
194
111
71
47
77
40
63
97
211
178
131
71
30
215
15
222
45
96
25
46
5
208
177
124
184
234
164
217
170
127
87
20
226
193
115
24
233
191
156
204
170
213
154
206
35
54
76
231
200
165
121
238
37
103
169
232
193
224
27
239
54
77
113
164
125
75
44
66
114
170
200
229
19
40
80
118
212
88
58
27
46
67
3
196
165
206
177
211
9
31
50
22
225
62
19
214
183
136
92
61
10
217
158
116
167
105
151
227
196
160
202
238
108
22
41
12
163
210
173
224
156
236
123
84
39
57
99
67
47
122
162
194
97
145
68
39
229
17
37
5
30
81
127
166
240
70
234
179
209
9
214
175
203
233
187
218
189
139
88
130
74
52
34
12
218
162
116
190
228
42
78
119
187
223
195
166
232
85
47
65
7
42
62
118
159
212
184
239
26
44
2
202
172
126
178
101
69
132
173
235
83
121
184
230
198
225
14
36
56
81
50
103
43
25
61
238
205
179
74
53
15
44
224
185
211
171
109
155
189
158
227
20
125
77
112
166
193
154
196
232
19
39
57
30
223
175
200
228
121
71
98
134
177
236
76
128
169
214
189
220
11
30
48
117
80
214
178
122
166
203
229
172
199
223
150
105
65
95
144
231
27
65
47
31
210
2
26
71
44
62
181
208
164
126
34
235
22
74
220
192
163
234
183
156
1
58
123
85
131
99
136
97
69
50
34
16
227
185
155
221
186
210
238
31
60
87
45
127
176
200
168
222
11
54
101
134
64
91
141
69
33
49
13
30
9
218
194
169
218
157
202
179
120
168
129
89
39
55
75
237
197
221
191
167
229
205
174
105
183
229
14
206
232
38
20
162
123
94
62
99
129
175
4
53
37
3
209
174
197
158
239
23
40
57
232
180
204
227
192
216
175
134
100
74
55
237
211
156
187
160
27
234
18
48
76
121
93
67
50
34
17
43
76
162
238
193
160
184
207
122
66
90
114
78
12
226
26
41
57
124
166
109
153
190
169
235
202
225
196
217
26
4
195
123
161
185
228
207
153
199
178
235
42
27
53
134
96
126
88
134
103
68
51
77
119
170
192
155
105
214
2
54
71
94
38
237
19
35
64
117
94
143
224
9
26
237
63
107
172
207
187
158
194
231
210
179
199
220
200
236
91
219
149
102
132
172
191
164
127
100
70
31
46
62
84
26
8
220
4
49
35
9
164
184
204
232
189
211
153
214
59
44
69
90
111
86
65
235
167
121
97
198
216
13
30
44
58
163
184
158
209
228
196
110
5
32
18
238
50
64
125
101
138
107
199
157
189
170
212
234
180
159
120
72
23
239
36
50
83
135
108
168
195
152
203
222
197
2
217
200
181
231
13
29
62
81
118
96
74
57
33
113
94
128
165
183
213
232
72
216
5
43
29
15
59
237
195
176
104
124
167
201
155
177
194
212
229
128
105
85
4
223
205
187
170
116
89
43
56
74
133
92
210
191
161
117
165
188
223
2
21
35
48
62
22
232
202
8
195
160
178
151
230
207
190
173
232
147
101
82
53
40
9
24
38
79
7
212
228
156
205
221
1
204
175
191
151
173
188
203
219
156
174
227
8
57
71
91
110
133
105
138
60
119
101
65
81
98
115
75
213
197
157
119
103
136
91
63
50
38
12
25
52
40
28
41
231
198
181
162
125
107
131
112
240
17
30
59
76
17
238
218
191
168
184
151
205
231
215
200
185
138
87
69
55
43
32
236
64
131
97
112
137
96
35
59
47
220
6
228
212
176
160
193
3
30
18
29
40
51
88
102
122
240
167
182
157
62
76
93
233
196
210
225
186
201
216
148
175
188
162
176
202
153
171
113
130
215
228
3
18
56
80
129
226
1
89
139
100
114
133
60
12
24
35
46
56
68
84
111
125
93
108
136
118
105
92
49
16
219
138
223
207
192
178
191
157
200
226
9
63
52
42
32
21
47
38
220
207
8
232
219
144
204
216
165
178
195
158
172
184
197
151
166
129
115
65
79
115
103
138
124
109
95
82
71
123
237
223
12
23
219
207
195
154
166
178
189
201
212
4
231
3
15
24
33
10
49
137
90
80
53
62
4
191
162
173
184
210
221
236
198
223
235
205
215
168
148
179
188
198
208
152
163
173
183
6
84
97
123
135
110
121
132
118
107
150
